tip_to_camera:
  position:
    x: -0.01589011172859532
    y: -0.03652640190950116
    z: 0.314284250427315
  orientation:
    x: 0.5165631664243464
    y: 0.499065461862059
    z: -0.4974962559624649
    w: -0.4864089176540591
base_to_object:
  position:
    x: 0.02864217049987656
    y: -0.03569262869372774
    z: -0.01163886765765573
  orientation:
    x: 0.722399713589893
    y: 0.6914588564306839
    z: -0.004132728907103356
    w: -0.002494838790489728
